name: DL
channels:
  - conda-forge
  - defaults
dependencies:
  - aiohttp=3.8.4=py311ha68e1ae_0
  - aiosignal=1.3.1=pyhd8ed1ab_0
  - async-timeout=4.0.2=pyhd8ed1ab_0
  - attrs=23.1.0=pyh71513ae_1
  - bzip2=1.0.8=h8ffe710_4
  - ca-certificates=2023.5.7=h56e8100_0
  - charset-normalizer=2.0.4=pyhd3eb1b0_0
  - click=8.1.3=win_pyhd8ed1ab_2
  - colorama=0.4.6=pyhd8ed1ab_0
  - discord.py=2.2.3=pyhd8ed1ab_0
  - frozenlist=1.3.3=py311ha68e1ae_0
  - idna=3.4=pyhd8ed1ab_0
  - libexpat=2.5.0=h63175ca_1
  - libffi=3.4.2=h8ffe710_5
  - libsqlite=3.42.0=hcfcfb64_0
  - libzlib=1.2.13=hcfcfb64_4
  - multidict=6.0.4=py311ha68e1ae_0
  - openssl=3.1.0=hcfcfb64_3
  - pip=23.1.2=pyhd8ed1ab_0
  - python=3.11.3=h2628c8c_0_cpython
  - python-dotenv=1.0.0=pyhd8ed1ab_0
  - python_abi=3.11=3_cp311
  - setuptools=67.7.2=pyhd8ed1ab_0
  - tk=8.6.12=h8ffe710_0
  - typing-extensions=4.6.2=hd8ed1ab_0
  - typing_extensions=4.6.2=pyha770c72_0
  - tzdata=2023c=h71feb2d_0
  - ucrt=10.0.22621.0=h57928b3_0
  - vc=14.3=hb25d44b_16
  - vc14_runtime=14.34.31931=h5081d32_16
  - vs2015_runtime=14.34.31931=hed1258a_16
  - wheel=0.40.0=pyhd8ed1ab_0
  - xz=5.2.6=h8d14728_0
  - yarl=1.9.2=py311ha68e1ae_0
